6815738
6816296
6815310
6815931
6814545
6816289
6816377
6814464
6814766
6816397
6814679
6816075
6816303
6814773
6816164
6815531
6815518
6816157
6814643
6814915
6816207
6816275
6816124
6815187
6814933
6815816
6816114
6816583
6815051
6814201
6815833
6800490
6814457
6813369
6816343
6816497
6816370
6816021
6815212
6815272
6815896
6816277
6814450
6815391
6816490
6815282
6815359
6816470
6815658
6816054
6811186
6816237
6814420
6814919
6814792
6815345
6814554
6815338
6814999
6798281
6816261
6815969
6816503
6815731
6815538
6814949
6816563
6816496
6815152
6814543
6814959
6815696
6815724
6815026
6814465
6816556
6816437
6816233
6815764
6815978
6809603
6816047
6814992
6814973
6816240
6814651
6815012
6814636
6816423
6815844
6807418
6815079
6808616
6815710
6815861
6816475
6814327
6814759
6814461
6816535
6815991
6816263
6815719
6816110
6814952
6814917
6815976
6816226
6815682
6815075
6815840
6815298
6814446
6816098
6816352
6816293
6808218
6814559
6816191
6816456
6814661
6815783
6816080
6815078
6815239
6814899
6815171
6816363
6816259
6815332
6815842
6815749
6816463
6808675
6816395
6814931
6815138
6815987
6815604
6815654
6815511
6815919
6808915
6816529
6816393
6816005
6814980
6816356
6816549
6816386
6816084
6814985
6816019
6813401
6807641
6815883
6814594
6815950
6816442
6815898
6814513
6816170
6814785
6813450
6798359
6816077
6815524
6816349
6815805
6816419
6816073
6816043
6816479
6815053
6815254
6808083
6814439
6814781
6816284
6810895
6816216
6816378
6816166
6816412
6815868
6814472
6816404
6815264
6816310
6816489
6814780
6814279
6815265
6815894
6815331
6815790
6815630
6816557
6815324
6815626
6814938
6814517
6814908
6808715
6816096
6815131
6814552
6816270
6810807
6816128
6816229
6808713
6816279
6816035
6816400
6815011
6815756
6815763
6816209
6815853
6816162
6792199
6816402
6816214
6813370
6814152
6814310
6812041
6815223
6813999
6814405
6816515
6815291
6814524
6815946
6815477
6816268
6816107
6816430
6814900
6815155
6814976
6816014
6815801
6812843
6816311
6816039
6811134
6803337
6815920
6814926
6815921
6816329
6816188
6814611
6816121
6816069
6815257
6816307
6814896
6816465
6815049
6814510
6815237
6815856
6798282
6815903
6799084
6814425
6815886
6816093
6815812
6816458
6816415
6812113
6816409
6816322
6815879
6807395
6816255
6816422
6812528
6815776
6816286
6814246
6814093
6812120
6816320
6816508
6816072
6814924
6814159
6816082
6814696
6799622
6816200
6815656
6815623
6814535
6814790
6810982
6814418
6815693
6814458
6814468
6816388
6807336
6814561
6808560
6815837
6816534
6814784
6814749
6814401
6814145
6815514
6815769
6816195
6800654
6808561
6814956
6814907
6816454
6814870
6811085
6816367
6815258
6816065
6816244
6815808
6816058
6815615
6815942
6815823
6812521
6815529
6815851
6814144
6815715
6798271
6814305
6816037
6815037
6816223
6813366
6815742
6816218
6814799
6816567
6816225
6815955
6814777
6815708
6814935
6815819
6815717
6798171
6816574
6814663
6816381
6815849
6815802
6816009
6815352
6815191
6814978
6814963
6814910
6814613
6815998
6816202
6815795
6816374
6814587
6804311
6816560
6815905
6798284
6815633
6815835
6813006
6813439
6814647
6816184
6815726
6816236
6811043
6816117
6816251
6816023
6815637
6815995
6816181
6814770
6815988
6814721
6812681
6815809
6814740
6815928
6815190
6815250
6814331
6815284
6816482
6815522
6811948
6814893
6815700
6816101
6815967
6815242
6815659
6816518
6816061
6816297
6809615
6816347
6814630
6815753
6816160
6815974
6815525
6815055
6815718
6814936
6815685
6814477
6814307
6815941
6815174
6816407
6814437
6815739
6815788
6814974
6814783
6815981
6815000
6815748
6815953
6816020
6816504
6816139
6814456
6815480
6816143
6816262
6816007
6814953
6815767
6814557
6813312
6816440
6812131
6815148
6814715
6815871
6815901
6816433
6815744
6816254
6816290
6815778
6814563
6816127
6814656
6816426
6816476
6816059
6816118
6816483
6816050
6815508
6814300
6815202
6814690
6815821
6814962
6814529
6816247
6807228
6815711
6816340
6816526
6814597
6814556
6816154
6799644
6816161
6815651
6814894
6815644
6814637
6815964
6815939
6816288
6814536
6816167
6814944
6815553
6816360
6815642
6798345
6814315
6815374
6816318
6815009
6815774
6799605
6815927
6799240
6816301
6815195
6815002
6816220
6798277
6816287
6814463
6813388
6814649
6814444
6816213
6814546
6816076
6815175
6804312
6816313
6796679
6814595
6799654
6816273
6815897
6815521
6816199
6816501
6815504
6815188
6814788
6814795
6816406
6814416
6814423
6814153
6816057
6816272
6814802
6816193
6815923
6813757
6816034
6816519
6815737
6814929
6810968
6816221
6814419
6814445
6815948
6815184
6815762
6816459
6815354
6814409
6816578
6816068
6816399
6798352
6814946
6816306
6814989
6814810
6816153
6814164
6816492
6814767
6813364
6815880
6815048
6815934
6815261
6816553
6814538
6816083
6815318
6815741
6814553
6815560
6814449
6810422
6815855
6816016
6815640
6816392
6815182
6816113
6816353
6816106
6816013
6812552
6815707
6814542
6815800
6815760
6816299
6816485
6814955
6814928
6808690
6816339
6816111
6815975
6781465
6815841
6816129
6814921
6807327
6814411
6809650
6813451
6815040
6814675
6816332
6815327
6815219
6808555
6814981
6816511
6814122
6815971
6816179
6814199
6816417
6815652
6815733
6816336
6816445
6815826
6815087
6814806
6816243
6814713
6815852
6815520
6815792
6815866
6815101
6814901
6816564
6816292
6811054
6815785
6816094
6816064
6815440
6815678
6814148
6798275
6816494
6815932
6814776
6815796
6815576
6815864
6815993
6815227
6816315
6816358
6815241
6814964
6814590
6808704
6814939
6814454
6815882
6816308
6815746
6808924
6798268
6816120
6816172
6813434
6815984
6815986
6813328
6815771
6808724
6815100
6816150
6815247
6814941
6814669
6815757
6816012
6814160
6816165
6812135
6816146
6814378
6816265
6814089
6814522
6814769
6814616
6816079
6816522
6814633
6815789
6814683
6802257
6815517
6806428
6815515
6814427
6815160
6816384
6815353
6816280
6814155
6816571
6816466
6815729
6815466
6816452
6815904
6816266
6815887
6814922
6816333
6814441
6815722
6816258
6814627
6815306
6808386
6816104
6815178
6816252
6814960
6816245
6815153
6816198
6815339
6816431
6814527
6814128
6815473
6814520
6814774
6815336
6814385
6815286
6814504
6815472
6816238
6815150
6815499
6815379
6814640
6816066
6815848
6814434
6815845
6814778
6815016
6814642
6814620
6815781
6815900
6816444
6814162
6815798
6816385
6816231
6814914
6815662
6816224
6810261
6816045
6816038
6815093
6815186
6814957
6815399
6816478
6815329
6815807
6816304
6815908
6815364
6815193
6813324
6816351
6814549
6816487
6816438
6815755
6814787
6814948
6815943
6796747
6815539
6816317
6816570
6816382
6816196
6815259
6816024
6816477
6816203
6815838
6814986
6815818
6815803
6815684
6815189
6816330
6815645
6815954
6815172
6816011
6816283
6815323
6815382
6816568
6814779
6814796
6815926
6816410
6816182
6808387
6816540
6815698
6816530
6815765
6816436
6816071
6815222
6816003
6815638
6814772
6812044
6798272
6816396
6816168
6808559
6816547
6815982
6815252
6816577
6812557
6815624
6811086
6814301
6815751
6816147
6815714
6816533
6815266
6816097
6814448
6814422
6816369
6815952
6816462
6815315
6816190
6816403
6815052
6816555
6814515
6815791
6815179
6815603
6816488
6814771
6814601
6816250
6815825
6808710
6808556
6815961
6804315
6815349
6816140
6814932
6815723
6808719
6815859
6814414
6815884
6814958
6816505
6816368
6798280
6814150
6805267
6816354
6814329
6811079
6815621
6808703
6815245
6815824
6815725
6815965
6815997
6814200
6798353
6811044
6814206
6815226
6815031
6816391
6814852
6815736
6807338
6816484
6808689
6814308
6816112
6814659
6815857
6814501
6815870
6814652
6807293
6815224
6798273
6816298
6816004
6814466
6815970
6814083
6815817
6815885
6815238
6810258
6814406
6815732
6815937
6816514
6816276
6808711
6815185
6816017
6816376
6815747
6815024
6815405
6815133
6815677
6816063
6816256
6816070
6815996
6808726
6814073
6811053
6814459
6814925
6816056
6816285
6815333
6814567
6814660
6816217
6816156
6812706
6815358
6816421
6815018
6815843
6815977
6814431
6815196
6815740
6814789
6816149
6814653
6816249
6815519
6815775
6814753
6816471
6814143
6815877
6815161
6815963
6815777
6816163
6816319
6804324
6814245
6816512
6816183
6814975
6816042
6814911
6809665
6814954
6816228
6816502
6815786
6815863
6815650
6815956
6816551
6815635
6813447
6814417
6815263
6814424
6814991
6816328
6814798
6815283
6815330
6815907
6814442
6814605
6816575
6814961
6815276
6815516
6816142
6811041
6815793
6815249
6814565
6802256
6815397
6812189
6816242
6816342
6814645
6815758
6815248
6812520
6816379
6815410
6814951
6816362
6816309
6814403
6816109
6814765
6781886
6807624
6815104
6815054
6815648
6815530
6814325
6814631
6816365
6816186
6816509
6814624
6816000
6814146
6815270
6804369
6815047
6815676
6798285
6815721
6808721
6816528
6816469
6814791
6816558
6815177
6815989
6814704
6815929
6814518
6816295
6815130
6815810
6814697
6816201
6815716
6808921
6815181
6816269
6816455
6815784
6814551
6815979
6816566
6808914
6814805
6816473
6815367
6815528
6815596
6814280
6816523
6816337
6816548
6816294
6816335
6815077
6814898
6816428
6812002
6812121
6816435
6815240
6815972
6816235
6812529
6816562
6814297
6815814
6813438
6814433
6814161
6816022
6815750
6816441
6814937
6814426
6815743
6814333
6816316
6814451
6811205
6816467
6808714
6810185
6816095
6816380
6816253
6816481
6812164
6816130
6816491
6816414
6816108
6815709
6815902
6816387
6816521
6816115
6815944
6814803
6816516
6813273
6815768
6814440
6815256
6816361
6816208
6815137
6815509
6816480
6814118
6800540
6814950
6814965
6816346
6815326
6816227
6815203
6815084
6816495
6815930
6816158
6815782
6814544
6814816
6815628
6815836
6816389
6816321
6814077
6814519
6815728
6807226
6816281
6816102
6814617
6815365
6816048
6815043
6815895
6808637
6816474
6814184
6816439
6814399
6815909
6815862
6816372
6815607
6814993
6812035
6811056
6814075
6813452
6814091
6816344
6814814
6816081
6814304
6814621
6816049
6816015
6816274
6816525
6815156
6814943
6814757
6816151
6815730
6816116
6816532
6814438
6816210
6815351
6816507
6813329
6815968
6814987
6814800
6816060
6816169
6815269
6816383
6814639
6815362
6816357
6814530
6816314
6814342
6813442
6815625
6800656
6815072
6815337
6814317
6814156
6814528
6815820
6816432
6807229
6814793
6814650
6814786
6816194
6810263
6815994
6816232
6808174
6812705
6816411
6815162
6808718
6815867
6815735
6816074
6815881
6816141
6814460
6816460
6816517
6815752
6796841
6810262
6815285
6814435
6809701
6815295
6815302
6808919
6816390
6814503
6815039
6814979
6816067
6815846
6814930
6804320
6807227
6816305
6815523
6816033
6814523
6816018
6816152
6816241
6814909
6813449
6816100
6816355
6815761
6815102
6816394
6816573
6809518
6816046
6816260
6814516
6816032
6815109
6814408
6816126
6814383
6816180
6816267
6815854
6816398
6796666
6808918
6815267
6804314
6816576
6814648
6816085
6815260
6816416
6814555
6815253
6816348
6815847
6816212
6815804
6815634
6815754
6816119
6815787
6815022
6815507
6815396
6815328
6816552
6815940
6816323
6805264
6816246
6816219
6815734
6816434
6815303
6809548
6815947
6814902
6812526
6804313
6814323
6815095
6814709
6816055
6816420
6814702
6814916
6816513
6814151
6815400
6816446
6815128
6814797
6816148
6814695
6815869
6812519
6814509
6816527
6814688
6816569
6816312
6816341
6808554
6815797
6807594
6816413
6815661
6815990
6816366
6814079
6815225
6815727
6814895
6815983
6815966
6814453
6816493
6815660
6814316
6816506
6815590
6815949
6816271
6814330
6815251
6815860
6814808
6815627
6816472
6814942
6815827
6816234
6808686
6815962
6815720
6815344
6814700
6816230
6814502
6815641
6808705
6814163
6815183
6814116
6815210
6816457
6816092
6815813
6816264
6814462
6815906
6815176
6816364
6816239
6816468
6814768
6816536
6815806
6814947
6815992
6815773
6814632
6810981
6816550
6816001
6815620
6809736
6815006
6816006
6816189
6815194
6814095
6816464
6816350
6813323
6814615
6816192
6814711
6815221
6815154
6816429
6814525
6814149
6809550
6791580
6816565
6815799
6813383
6815713
6816443
6814718
6815262
6814081
6814940
6815527
6815933
6816282
6814913
6808725
6810255
6816257
6816222
6816408
6815643
6815899
6815321
6816187
6814469
6814097
6815355
6815340
6815865
6814912
6816375
6815959
6816137
6815850
6814845
6814429
6814147
6808385
6815180
6815759
6815706
6816405
6816498
6814754
6815653
6816401
6781462
6816418
6814794
6814871
6815839
6807225
6815891
6816215
6812049
6804433
6814569
6816099
6815636
6814562
6815779
6815822
6816373
6816025
6815092
6816145
6815192
6815872
6815958
6816561
6816248
6814827
6816051
6816144
6816008
6815243
6814920
6814614
6814514
6815246
6816105
6816278
6816078
6814897
6815394
6816159
6814927
6816155
6815951
6815632
6796266
6815135
6811080
6810877
6816461
6816427
6807340
6813367
6814540
6816524
6815629
6809985
6816531
6813316
6810869
6815980
6814421
6816138
6815228
6816359
6815173
6815594
6816520
6815985
6814641
6816044
6816173
6816010
6816554
6815772
6816331
6815745
6815780
6815712
6816103
6816171
6814681
6814707
6815973
6815029
6816211
6816510
6811070
6812530
6815050
6815046
6816291
6815815
6816036
6816345
6815526
6814607
6816338
6810880
6808922
6815945
6815299
6815076
6796680
6814685
6814467
6815858
6816572
6815705
6814547
6815938
6815794
6816453
6816559
6814532
6816131
6816334
6814923
6815042
6809775
6816062
6816185
6816371
